4
7 3
1 3 4 5 6 6 6
2 3 3
49 24
3 3 5 6 6 8 8 9 10 12 12 12 14 15 15 16 17 17 17 18 18 19 19 21 21 21 22 24 24 25 27 29 30 31 32 35 35 38 38 40 40 41 41 42 44 45 45 48 49
2 2 4 5 5 5 6 6 8 9 9 10 12 14 15 16 18 18 19 21 22 22 23 24
343 171
1 3 4 5 6 7 7 7 8 8 9 9 10 11 11 12 12 13 13 13 16 16 16 16 16 17 18 20 21 21 22 23 24 25 26 26 27 28 28 28 29 31 32 34 36 38 40 41 44 46 46 47 48 48 48 49 49 49 54 54 55 56 56 57 57 59 60 61 62 64 66 69 70 70 72 73 73 74 75 75 75 77 78 78 78 80 82 82 83 85 85 86 86 86 88 89 89 89 92 92 92 93 93 94 94 95 100 102 102 102 102 103 104 105 105 106 107 108 108 109 110 110 110 110 111 112 112 112 113 115 115 116 116 119 120 121 121 122 123 124 124 127 127 127 129 131 131 133 133 135 135 135 137 138 138 140 142 142 143 144 145 145 147 147 151 151 151 153 155 158 158 159 160 160 160 161 163 164 165 166 167 167 168 172 175 176 179 180 181 181 182 182 184 185 185 185 185 186 186 187 187 188 189 190 191 191 192 192 193 194 195 196 197 200 201 204 205 206 207 208 208 208 209 210 212 213 214 217 218 219 220 220 222 223 223 230 233 234 234 236 236 237 237 240 240 243 245 247 248 248 250 251 251 251 253 253 255 255 256 256 256 257 263 263 264 266 267 268 268 269 270 270 273 275 275 276 276 280 280 280 281 282 282 283 285 288 288 289 291 293 293 294 295 297 297 297 300 301 301 301 302 303 306 306 306 307 307 308 308 312 312 312 313 313 314 316 316 320 320 321 321 321 322 328 329 332 334 334 335 335 335 336 336 336 337 337 339 339 340 341 341 342 343
1 1 2 4 4 6 6 6 7 7 9 9 9 10 12 12 13 13 15 16 18 18 18 20 26 26 26 27 27 28 29 29 29 30 31 33 34 34 37 38 38 38 39 40 40 41 42 43 45 46 52 53 53 54 54 55 58 60 60 60 61 62 63 64 65 67 67 68 68 69 70 70 71 71 72 72 72 73 75 75 77 80 81 81 81 81 83 84 84 87 87 89 89 93 95 96 97 102 102 103 105 105 105 106 106 107 108 108 110 110 112 113 114 115 116 117 117 119 119 121 124 124 127 127 127 129 129 130 130 131 133 136 137 138 138 139 140 143 143 143 145 146 148 150 150 150 150 151 151 152 153 158 158 159 160 160 162 163 163 165 167 167 167 167 167 169 169 170 170 170 171
2401 1200
1 1 1 1 2 2 3 4 5 5 7 8 9 10 11 11 11 12 13 13 14 16 16 16 17 18 20 20 20 20 22 22 23 23 24 25 27 27 27 29 29 30 30 31 31 34 37 38 41 41 43 43 45 46 47 48 49 52 53 54 56 56 57 58 58 59 60 61 62 63 63 63 64 64 65 65 65 66 69 69 71 71 71 71 72 72 72 72 74 77 77 78 81 83 84 86 89 91 91 91 93 93 94 95 96 97 97 99 99 100 101 103 104 106 107 107 108 109 111 113 114 119 120 120 120 123 123 123 125 126 127 127 127 129 130 131 131 133 136 136 137 137 138 138 139 140 140 141 142 144 148 148 149 149 150 150 151 152 153 154 155 155 156 157 158 158 159 162 163 164 164 165 168 169 173 173 174 176 177 177 178 179 182 183 183 183 184 184 186 187 187 188 188 189 189 193 193 193 195 195 196 196 197 199 199 200 200 200 203 203 204 205 206 208 210 210 211 214 214 215 215 217 217 218 218 219 219 220 221 222 222 223 224 225 225 226 227 228 229 230 231 231 231 232 232 232 233 234 235 235 236 236 237 237 237 238 239 241 241 242 244 244 245 245 245 245 245 246 249 249 250 250 251 251 255 255 258 258 259 259 259 259 260 261 261 263 263 267 267 268 268 268 269 270 270 272 273 274 274 275 279 280 280 280 285 286 287 287 288 289 290 291 292 292 295 296 296 296 296 297 297 299 299 303 304 305 305 306 307 310 311 313 314 314 314 316 316 321 321 321 328 328 329 330 332 333 333 334 336 337 338 339 339 341 342 343 348 349 351 352 352 353 354 354 357 357 357 357 358 359 360 360 361 361 363 367 367 367 368 368 369 369 369 370 371 373 373 374 376 379 380 380 380 381 382 382 383 383 384 384 384 385 387 390 391 391 391 392 392 392 395 396 397 397 398 398 404 405 405 406 406 407 408 409 410 410 411 411 411 412 412 412 414 414 415 416 418 418 420 420 421 423 424 425 426 426 427 427 427 428 431 431 431 432 433 433 435 435 438 439 440 442 443 444 444 445 445 446 446 447 447 449 450 451 453 453 453 454 456 457 459 459 463 464 464 465 466 467 470 470 475 478 479 480 482 482 483 483 484 484 487 488 488 490 491 492 494 497 498 498 499 499 499 500 500 500 501 507 508 508 510 511 511 511 512 514 514 515 515 516 522 523 524 525 529 532 532 533 533 534 534 534 534 535 538 539 539 540 540 542 545 546 547 549 551 552 554 554 555 556 559 560 564 567 569 569 569 571 572 572 574 576 578 579 583 584 584 585 586 586 586 587 587 589 590 594 596 597 597 598 599 600 603 603 606 607 610 610 610 611 613 614 614 614 616 617 617 618 619 619 621 621 621 621 622 623 625 627 629 631 631 632 634 635 635 636 637 640 640 640 640 641 641 642 642 645 646 648 649 649 649 653 653 656 656 657 657 657 658 659 659 659 660 660 660 661 662 662 662 664 664 665 666 667 667 667 667 669 669 669 669 671 672 673 673 673 675 676 682 683 684 685 685 686 687 689 689 689 690 692 693 693 693 693 694 694 694 694 695 696 697 698 698 702 702 703 703 704 704 706 708 708 710 710 711 711 712 713 714 714 714 715 715 716 719 721 723 724 725 726 726 730 730 731 732 732 734 734 736 736 738 738 739 740 742 743 743 745 746 746 747 748 749 752 753 754 755 755 756 757 759 759 763 764 764 767 769 769 770 773 777 778 778 779 779 781 788 788 788 791 793 796 797 797 804 804 805 807 808 808 809 809 811 811 811 811 811 814 815 815 817 818 818 820 820 820 821 823 825 825 825 827 827 831 832 833 834 835 836 837 838 840 840 842 842 845 845 847 850 851 855 855 855 856 858 858 858 859 860 861 861 861 862 862 863 865 865 865 868 868 868 868 868 868 869 869 870 870 873 873 874 874 876 877 878 878 879 880 881 881 881 882 882 885 885 886 888 889 889 890 892 892 893 893 895 896 897 897 897 898 898 900 900 900 903 905 906 907 908 908 908 909 910 910 911 911 912 912 913 914 915 915 916 917 920 920 923 926 926 931 931 931 933 933 934 934 938 938 941 941 942 944 944 945 946 950 950 950 951 953 953 954 956 956 957 958 958 959 963 963 963 964 964 965 966 968 968 971 971 973 974 975 976 978 980 980 980 983 983 985 986 989 989 989 990 991 992 993 993 993 995 995 995 996 998 998 999 1000 1000 1000 1001 1001 1004 1004 1005 1005 1008 1008 1015 1016 1016 1016 1017 1017 1017 1019 1020 1020 1021 1023 1023 1023 1023 1024 1024 1027 1027 1027 1028 1030 1032 1033 1034 1035 1038 1038 1039 1039 1040 1041 1041 1043 1044 1044 1044 1045 1048 1049 1050 1052 1052 1054 1054 1055 1057 1058 1059 1061 1065 1065 1066 1068 1068 1070 1071 1072 1073 1073 1075 1075 1076 1078 1078 1080 1081 1081 1082 1082 1082 1082 1082 1083 1084 1084 1085 1086 1088 1089 1091 1091 1091 1092 1092 1093 1095 1096 1096 1098 1099 1099 1103 1103 1104 1106 1107 1109 1112 1112 1114 1114 1117 1119 1119 1120 1121 1121 1121 1123 1123 1124 1124 1125 1125 1132 1132 1133 1133 1137 1137 1138 1139 1139 1140 1142 1143 1143 1144 1144 1145 1146 1147 1147 1148 1148 1149 1149 1151 1152 1153 1154 1155 1155 1155 1156 1157 1158 1161 1161 1162 1162 1164 1164 1165 1166 1166 1167 1168 1169 1170 1171 1174 1176 1177 1177 1177 1178 1178 1180 1180 1184 1184 1184 1184 1185 1185 1185 1185 1187 1188 1188 1188 1189 1190 1191 1191 1192 1193 1193 1196 1196 1196 1197 1197 1199 1201 1201 1201 1202 1204 1206 1209 1210 1210 1210 1211 1211 1212 1214 1214 1214 1215 1217 1218 1219 1220 1221 1222 1222 1223 1223 1224 1228 1229 1229 1230 1230 1233 1234 1235 1238 1238 1239 1241 1241 1241 1242 1242 1243 1243 1246 1248 1250 1251 1251 1252 1252 1252 1254 1254 1255 1255 1256 1257 1257 1257 1258 1258 1259 1259 1259 1259 1259 1260 1260 1261 1262 1263 1263 1263 1264 1264 1265 1268 1269 1269 1270 1271 1271 1272 1273 1273 1275 1276 1276 1277 1280 1281 1283 1283 1283 1284 1286 1286 1288 1288 1288 1288 1288 1289 1289 1289 1290 1292 1292 1292 1294 1296 1297 1300 1300 1301 1301 1301 1304 1305 1305 1307 1308 1309 1310 1310 1310 1312 1313 1314 1314 1315 1315 1320 1320 1322 1324 1326 1328 1330 1331 1333 1336 1336 1337 1338 1341 1342 1344 1345 1347 1347 1348 1348 1348 1349 1350 1350 1351 1351 1356 1357 1358 1359 1361 1366 1366 1367 1368 1368 1371 1371 1371 1372 1372 1373 1376 1378 1378 1382 1382 1383 1383 1384 1384 1386 1389 1390 1391 1391 1393 1394 1395 1395 1396 1396 1400 1403 1405 1406 1406 1406 1407 1409 1409 1410 1411 1412 1413 1413 1416 1416 1417 1418 1418 1418 1419 1420 1420 1420 1421 1421 1423 1423 1424 1424 1427 1427 1427 1430 1430 1430 1432 1432 1432 1433 1433 1433 1435 1435 1436 1438 1438 1440 1443 1444 1444 1445 1446 1446 1447 1447 1447 1449 1450 1450 1450 1454 1456 1456 1457 1457 1457 1458 1458 1459 1461 1462 1462 1462 1462 1463 1463 1465 1465 1466 1466 1466 1467 1469 1471 1476 1476 1477 1480 1480 1480 1482 1482 1483 1484 1485 1489 1491 1492 1495 1496 1496 1498 1499 1500 1500 1501 1503 1503 1505 1506 1507 1509 1509 1511 1511 1513 1513 1515 1516 1516 1516 1517 1519 1520 1520 1520 1521 1522 1523 1524 1524 1525 1526 1528 1528 1529 1530 1534 1535 1536 1540 1540 1540 1541 1544 1545 1546 1548 1549 1550 1551 1551 1554 1555 1555 1556 1557 1557 1558 1560 1563 1564 1564 1565 1566 1567 1567 1569 1570 1570 1570 1573 1574 1575 1576 1579 1580 1581 1581 1582 1584 1584 1585 1586 1586 1587 1587 1588 1588 1590 1592 1594 1596 1597 1598 1601 1601 1605 1605 1605 1607 1608 1609 1609 1610 1611 1612 1613 1614 1617 1617 1618 1620 1620 1622 1622 1622 1625 1626 1627 1628 1630 1630 1631 1632 1633 1634 1635 1635 1636 1638 1639 1639 1640 1641 1641 1642 1643 1643 1643 1644 1645 1645 1645 1648 1648 1650 1650 1651 1651 1653 1654 1654 1655 1657 1659 1660 1661 1662 1662 1662 1662 1662 1662 1663 1665 1666 1668 1669 1670 1670 1671 1671 1672 1672 1672 1674 1676 1676 1680 1685 1686 1689 1689 1695 1695 1699 1699 1700 1700 1701 1702 1703 1708 1709 1710 1710 1711 1711 1712 1715 1715 1716 1717 1717 1718 1718 1722 1722 1723 1725 1726 1728 1729 1729 1731 1733 1735 1736 1738 1739 1739 1741 1742 1745 1746 1746 1747 1750 1750 1751 1753 1753 1753 1756 1756 1757 1757 1759 1759 1760 1760 1760 1761 1761 1762 1763 1763 1764 1764 1766 1766 1767 1768 1768 1769 1769 1770 1772 1773 1773 1774 1774 1774 1774 1775 1776 1777 1777 1777 1780 1780 1780 1782 1782 1783 1784 1784 1784 1785 1785 1785 1785 1787 1787 1788 1789 1790 1791 1791 1791 1791 1791 1794 1794 1795 1795 1795 1796 1801 1802 1803 1803 1803 1805 1806 1806 1807 1807 1809 1809 1809 1810 1811 1811 1812 1812 1814 1814 1816 1817 1818 1821 1821 1821 1823 1824 1825 1825 1825 1825 1825 1828 1830 1831 1831 1832 1832 1832 1832 1834 1834 1838 1840 1842 1843 1843 1843 1843 1844 1845 1845 1845 1847 1847 1849 1849 1849 1849 1851 1851 1852 1852 1852 1853 1853 1854 1854 1854 1854 1857 1857 1859 1859 1859 1861 1862 1862 1863 1866 1866 1867 1868 1869 1869 1870 1871 1871 1873 1876 1878 1879 1882 1884 1884 1886 1888 1889 1891 1891 1892 1892 1892 1892 1893 1896 1896 1898 1899 1900 1902 1904 1904 1906 1906 1907 1909 1911 1912 1913 1916 1916 1917 1919 1919 1923 1923 1925 1926 1926 1927 1928 1929 1929 1929 1931 1933 1934 1935 1935 1936 1936 1938 1939 1939 1940 1940 1940 1941 1942 1942 1942 1942 1943 1943 1944 1945 1947 1949 1950 1950 1952 1953 1956 1960 1960 1961 1962 1964 1965 1965 1968 1970 1971 1972 1973 1973 1974 1978 1979 1982 1982 1983 1983 1983 1987 1988 1991 1993 1995 1995 1996 1996 1998 1998 2000 2001 2001 2003 2003 2006 2006 2007 2009 2009 2011 2011 2011 2012 2013 2013 2014 2014 2015 2015 2015 2016 2016 2017 2017 2020 2020 2020 2024 2024 2024 2029 2029 2029 2029 2029 2030 2031 2033 2033 2036 2037 2037 2039 2041 2042 2043 2045 2045 2046 2046 2046 2047 2047 2047 2048 2048 2049 2051 2052 2052 2053 2054 2055 2056 2056 2057 2059 2063 2066 2066 2067 2069 2069 2069 2070 2070 2072 2075 2076 2076 2076 2077 2077 2078 2080 2080 2080 2082 2082 2083 2083 2083 2084 2084 2085 2085 2086 2087 2089 2089 2090 2093 2094 2094 2094 2095 2097 2099 2100 2100 2101 2101 2104 2104 2105 2106 2107 2107 2107 2108 2108 2109 2109 2111 2111 2112 2114 2115 2117 2119 2120 2121 2122 2124 2127 2128 2128 2128 2129 2130 2130 2130 2130 2132 2132 2133 2133 2133 2133 2135 2135 2137 2138 2139 2140 2142 2142 2143 2144 2145 2145 2147 2148 2149 2149 2150 2150 2152 2155 2155 2156 2159 2160 2160 2161 2161 2161 2162 2164 2165 2165 2165 2165 2166 2166 2168 2168 2168 2169 2169 2170 2170 2172 2172 2173 2173 2173 2174 2175 2175 2175 2176 2177 2178 2179 2180 2181 2181 2182 2182 2182 2183 2184 2185 2186 2193 2194 2195 2197 2198 2198 2199 2199 2199 2200 2200 2200 2204 2204 2206 2207 2208 2208 2209 2211 2212 2213 2214 2214 2216 2217 2218 2219 2220 2220 2220 2224 2226 2227 2229 2230 2231 2232 2232 2233 2235 2237 2238 2240 2241 2242 2243 2243 2248 2252 2252 2253 2253 2253 2253 2255 2255 2255 2258 2259 2260 2261 2262 2263 2264 2264 2266 2267 2269 2269 2270 2271 2273 2275 2275 2275 2276 2279 2279 2281 2282 2283 2284 2286 2290 2290 2292 2292 2293 2293 2297 2299 2300 2300 2300 2300 2301 2301 2302 2302 2303 2304 2305 2306 2308 2309 2310 2311 2312 2312 2313 2316 2316 2316 2317 2317 2318 2318 2318 2321 2321 2324 2325 2326 2326 2326 2327 2327 2327 2329 2330 2330 2330 2331 2331 2331 2331 2331 2333 2333 2335 2335 2335 2336 2337 2340 2340 2342 2343 2346 2347 2353 2353 2353 2354 2355 2355 2356 2356 2357 2360 2361 2362 2362 2363 2364 2365 2366 2367 2368 2368 2371 2371 2371 2372 2375 2375 2376 2376 2376 2377 2378 2381 2384 2385 2386 2388 2388 2389 2391 2395 2398 2399 2399 2399 2399 2401 2401
1 2 2 3 4 4 5 6 6 6 8 8 8 8 13 13 13 14 14 21 22 23 25 27 27 28 29 29 29 29 30 31 32 32 32 35 36 37 37 38 38 39 40 40 42 43 43 46 46 47 49 49 50 51 51 52 53 54 57 58 59 63 64 65 65 66 66 67 67 67 67 68 69 70 70 71 73 75 78 78 79 79 79 80 81 82 83 85 86 87 88 91 91 93 93 94 94 95 95 95 96 97 99 100 102 103 103 103 105 105 107 108 109 110 112 112 114 116 116 117 117 117 119 120 120 121 121 121 121 126 127 129 129 130 131 132 133 134 134 138 139 139 141 142 142 143 143 144 146 147 148 148 149 149 150 150 151 151 151 153 153 154 154 155 155 157 157 159 159 160 162 163 164 164 164 164 164 165 167 171 171 173 173 175 178 178 179 179 180 181 182 183 183 187 189 191 192 193 193 195 196 196 196 199 200 200 201 202 205 208 209 209 212 213 215 215 217 217 217 217 217 218 220 221 221 221 222 224 225 225 225 226 227 227 228 229 229 229 230 231 232 232 233 234 234 234 234 235 236 236 237 237 237 238 238 240 240 241 242 242 242 243 243 246 246 246 247 247 249 249 250 253 254 256 257 258 260 262 264 269 270 270 271 271 272 272 273 275 275 276 276 277 277 282 283 284 286 287 291 293 294 295 295 297 297 297 298 301 301 301 301 302 302 302 303 304 305 305 306 310 311 316 316 318 322 322 323 324 326 327 328 328 330 331 333 335 335 339 340 341 343 346 346 346 348 348 351 353 354 354 355 356 356 356 356 357 357 357 358 359 361 364 367 367 368 368 369 369 370 370 370 371 374 374 376 376 378 379 379 380 380 381 382 384 387 388 390 391 391 392 393 393 394 394 394 395 396 398 398 399 399 400 400 400 401 403 404 404 404 405 405 406 406 407 410 411 412 413 413 414 414 415 416 416 416 416 417 417 417 419 419 421 423 424 425 425 426 429 430 430 430 431 432 433 433 435 435 435 437 437 437 438 439 440 442 444 444 446 448 448 449 449 450 451 452 452 452 453 453 454 455 457 458 459 461 462 466 466 466 466 467 468 469 469 471 472 473 473 475 475 477 477 478 478 479 479 479 480 480 481 481 481 481 481 483 484 484 484 485 487 488 490 493 494 494 495 495 495 495 495 496 497 497 497 499 499 499 505 507 507 508 508 509 510 512 512 512 512 514 515 517 518 518 522 522 522 522 523 524 525 525 527 527 528 528 530 531 531 531 532 534 534 534 535 535 537 539 540 541 542 542 543 543 543 544 546 548 548 553 554 555 555 557 558 559 560 561 564 565 565 565 567 567 570 570 571 572 572 573 576 576 577 580 581 583 585 587 589 591 593 594 595 596 597 597 598 599 599 600 601 601 604 607 608 610 611 614 616 617 617 618 620 621 622 623 623 624 624 624 627 628 629 631 633 634 634 635 636 637 639 643 643 644 644 646 646 647 647 648 648 651 651 651 652 652 653 654 654 654 655 655 656 656 657 657 658 659 660 660 661 662 665 667 667 667 668 672 673 675 675 677 678 678 679 680 681 681 681 682 682 683 684 685 686 687 689 690 690 690 693 694 696 696 697 697 697 698 698 703 703 709 709 711 711 712 713 713 713 713 714 714 714 717 717 718 720 725 726 727 727 729 730 731 732 735 735 736 736 737 738 739 739 742 742 743 743 744 744 745 747 748 748 748 748 750 751 751 751 751 751 752 752 754 754 754 755 756 756 758 759 759 760 761 761 763 764 766 766 766 767 768 770 771 771 772 773 775 776 778 779 779 781 782 786 787 788 793 793 795 795 798 798 799 803 804 804 804 805 806 807 807 807 808 809 809 809 809 811 812 813 815 818 820 824 825 827 827 827 828 828 828 829 829 830 830 833 833 835 836 838 839 839 841 843 843 845 850 851 851 852 853 853 854 855 856 856 857 857 858 859 859 860 861 862 862 862 863 865 868 868 869 871 871 872 873 873 874 874 875 876 876 877 877 878 878 879 883 883 883 883 883 884 884 885 887 888 889 889 890 890 891 891 895 896 900 902 903 905 906 906 907 907 909 909 910 912 915 915 916 917 920 922 925 925 925 927 927 929 929 930 930 930 930 931 932 932 933 933 934 937 938 940 941 943 943 943 944 945 947 948 949 950 950 951 951 952 952 954 956 957 959 961 961 962 962 965 965 966 966 975 975 976 976 976 976 977 979 980 980 982 984 985 986 987 988 990 992 995 995 995 997 997 998 1000 1001 1001 1001 1002 1003 1003 1004 1007 1009 1009 1010 1011 1012 1013 1014 1014 1016 1016 1018 1018 1019 1019 1019 1020 1021 1023 1023 1023 1025 1025 1026 1029 1030 1031 1031 1031 1032 1035 1035 1037 1038 1040 1044 1044 1046 1047 1047 1049 1050 1051 1052 1052 1054 1056 1057 1060 1060 1061 1062 1063 1066 1066 1066 1067 1067 1069 1069 1070 1071 1073 1074 1075 1075 1075 1077 1080 1081 1083 1085 1086 1088 1089 1089 1089 1091 1091 1092 1092 1093 1095 1096 1097 1100 1102 1102 1102 1103 1103 1104 1104 1104 1105 1106 1107 1108 1110 1110 1110 1111 1112 1112 1114 1115 1115 1116 1117 1118 1119 1120 1121 1122 1124 1126 1127 1127 1127 1128 1131 1132 1133 1133 1133 1135 1135 1136 1136 1137 1139 1139 1139 1141 1142 1143 1143 1144 1145 1148 1148 1148 1150 1152 1154 1155 1159 1160 1165 1165 1166 1167 1168 1169 1170 1171 1172 1174 1174 1174 1175 1179 1180 1182 1182 1183 1183 1184 1185 1186 1187 1187 1189 1189 1190 1190 1192 1192 1193 1194 1194 1195 1195 1196 1197 1200 1200 1200 1200
