4
7 3
2 2 2 4 5 5 7
2 2 3
49 24
3 6 6 8 9 9 11 12 13 14 15 15 15 17 18 18 18 18 19 21 24 25 25 27 27 27 27 27 28 29 33 34 35 35 35 35 36 37 38 39 40 40 40 41 42 42 44 48 49
1 4 5 8 8 8 9 9 11 11 13 15 15 15 15 15 16 16 16 17 20 21 23 24
343 171
2 2 3 4 5 5 5 5 8 9 12 12 13 13 14 15 15 16 17 17 18 19 19 20 21 21 24 24 24 28 28 28 29 30 31 32 32 32 33 34 34 36 39 39 40 43 43 47 48 51 51 52 54 55 55 58 58 60 61 65 65 65 65 70 70 71 71 72 72 73 73 76 77 77 78 80 81 81 81 81 82 82 84 84 84 84 85 85 85 85 87 90 91 92 92 93 97 97 97 98 99 99 102 103 104 106 111 113 116 116 119 123 123 127 128 128 129 130 130 130 131 132 133 134 135 136 137 138 138 138 139 140 142 143 143 145 145 145 146 147 147 147 149 150 150 151 151 152 152 153 154 154 156 156 156 157 160 161 162 162 163 164 164 164 167 167 168 169 170 170 171 171 172 174 176 176 178 178 180 180 181 181 181 182 183 185 185 185 187 188 188 189 189 190 191 191 192 194 195 196 197 199 200 201 204 206 207 210 211 213 213 213 213 213 214 217 218 218 219 220 222 222 225 225 227 228 232 233 237 238 241 241 242 242 242 244 245 245 246 247 247 247 248 249 251 255 255 258 260 262 262 262 264 266 267 267 268 268 268 269 269 270 270 271 271 271 272 272 272 272 273 273 274 277 278 278 280 281 282 283 283 284 284 285 285 286 286 286 290 290 292 293 294 294 294 294 296 296 299 299 300 300 301 302 303 304 304 304 305 306 306 307 308 310 311 311 312 314 314 314 314 315 315 316 318 321 322 325 326 327 328 328 328 331 335 335 336 336 338 338 339 340 343
1 2 5 6 7 8 9 11 11 11 11 12 12 13 16 16 17 18 18 19 20 21 21 21 22 23 25 27 28 28 30 30 31 31 31 32 36 36 36 40 41 42 44 44 45 46 47 49 50 50 50 51 53 53 54 54 55 56 56 58 60 61 61 61 62 62 65 67 68 69 70 70 70 70 72 72 73 73 73 74 74 75 77 77 77 80 82 82 84 88 90 91 92 92 96 99 104 106 107 109 110 111 111 112 112 112 112 113 113 114 114 116 116 117 118 118 119 120 120 121 121 122 122 123 125 126 127 128 129 130 130 130 134 134 134 137 139 139 142 142 142 143 146 146 147 149 150 150 151 151 152 152 152 154 154 154 155 155 156 158 159 160 162 163 164 164 165 165 168 169 170
2401 1200
2 4 4 5 6 6 7 8 15 15 16 16 17 19 19 21 25 25 26 26 29 30 31 33 34 34 35 35 35 37 38 39 39 40 40 42 43 43 43 45 45 46 46 47 47 48 48 48 48 48 48 50 50 52 52 52 52 53 53 53 53 54 55 56 58 60 60 60 61 61 64 64 65 65 67 67 70 70 70 74 74 75 76 77 78 79 79 80 84 84 88 89 90 90 91 92 94 94 95 98 98 99 100 102 107 107 108 109 111 111 111 112 112 112 115 116 116 118 120 120 121 122 122 123 123 123 123 125 129 131 133 133 133 133 135 135 135 136 137 137 138 138 138 139 139 139 140 142 143 144 148 149 149 150 150 151 152 152 153 155 156 158 161 162 163 163 167 167 169 170 170 171 176 176 176 178 179 179 180 181 183 184 187 188 188 188 188 189 190 192 192 193 193 194 195 196 199 200 204 207 208 209 211 212 215 215 217 218 219 219 220 220 221 224 226 227 227 228 229 230 230 232 234 234 234 235 235 235 236 237 237 239 239 242 243 245 246 248 249 250 250 254 255 255 256 258 260 260 261 263 263 263 264 264 266 266 268 268 269 269 270 270 271 273 274 275 278 278 279 282 282 282 282 282 283 283 285 287 289 291 291 292 294 295 295 296 297 297 298 301 301 304 306 306 306 311 312 312 313 315 316 318 320 320 321 323 323 324 326 327 327 327 327 327 328 329 329 329 331 331 335 336 336 337 337 337 338 342 343 344 346 346 347 349 350 351 352 353 353 353 353 354 354 357 357 358 358 359 360 361 361 362 363 365 366 367 367 368 368 370 370 371 372 373 373 375 377 377 378 381 381 381 382 384 384 385 385 385 386 387 387 387 388 390 391 391 392 393 393 393 394 397 398 398 403 403 404 404 405 405 406 407 408 409 409 410 410 411 412 413 413 414 414 415 415 416 418 419 419 420 420 424 428 428 429 429 430 430 431 432 433 433 434 434 437 438 439 440 441 441 441 442 446 446 446 448 449 450 451 454 455 456 457 457 458 458 458 459 460 461 462 462 465 467 468 468 468 469 470 470 470 470 472 472 473 475 476 477 478 478 479 479 479 479 480 481 483 485 485 486 486 487 488 489 489 490 491 492 492 494 494 498 498 499 500 500 501 502 504 504 505 508 508 509 510 510 511 512 515 516 517 517 518 518 518 519 520 521 521 521 522 522 524 524 526 526 528 529 531 531 534 535 538 538 539 539 542 543 543 545 545 547 547 548 548 549 550 550 553 553 553 553 555 556 556 557 557 559 559 560 562 563 564 564 566 566 566 567 567 567 569 572 572 573 574 574 575 576 577 578 579 579 579 580 581 582 582 584 584 586 587 588 589 590 590 591 593 595 595 595 599 600 603 605 605 606 606 609 609 610 610 611 611 613 613 617 618 621 622 626 626 627 628 629 631 632 634 635 635 636 636 639 640 640 640 642 643 644 644 644 646 646 647 648 648 650 651 652 653 655 655 655 656 657 659 661 663 664 664 664 667 669 669 672 672 672 673 674 676 676 676 678 678 680 682 683 684 685 685 687 689 689 691 692 692 692 693 694 695 697 698 698 699 699 699 700 701 702 704 705 705 705 706 708 708 709 709 709 709 710 711 711 712 712 713 716 716 716 717 718 718 718 719 722 722 723 727 731 731 731 733 733 736 736 737 738 738 738 738 739 741 742 745 745 746 748 750 754 754 755 756 757 757 758 759 759 759 759 760 764 764 766 766 766 767 768 768 768 768 768 770 770 771 771 772 773 773 774 776 777 777 777 778 779 780 781 781 782 784 784 787 787 788 790 792 792 793 794 794 798 798 798 798 799 800 801 802 802 802 802 803 804 805 806 807 807 808 808 810 811 812 812 814 816 816 818 820 822 822 822 823 824 824 824 825 825 827 828 829 831 831 831 831 832 833 836 838 838 839 840 842 842 843 843 843 843 844 845 845 847 847 848 848 848 849 853 853 854 855 856 859 859 860 861 862 862 862 862 862 863 865 866 867 868 871 871 872 874 876 877 879 880 882 884 884 886 886 886 887 887 887 888 889 889 890 891 892 893 894 895 895 896 896 899 900 903 904 904 907 908 908 910 910 912 912 913 914 915 917 919 920 921 923 926 926 927 927 931 933 934 935 936 937 940 943 946 947 948 948 949 949 951 953 953 954 954 956 956 956 957 957 958 959 962 963 964 964 965 965 966 966 966 966 967 968 969 972 973 973 974 974 978 979 980 980 983 983 983 983 983 984 984 985 986 987 988 988 989 990 991 992 993 994 994 996 997 998 998 1001 1003 1004 1007 1007 1007 1007 1008 1008 1009 1009 1011 1013 1014 1017 1017 1020 1021 1023 1023 1024 1025 1026 1027 1029 1030 1030 1032 1033 1033 1034 1035 1035 1035 1036 1036 1036 1036 1037 1037 1038 1039 1040 1040 1041 1042 1042 1043 1045 1045 1046 1046 1046 1047 1047 1050 1050 1051 1052 1052 1053 1053 1056 1056 1058 1058 1059 1060 1060 1060 1063 1065 1068 1069 1071 1071 1072 1074 1074 1078 1080 1080 1081 1082 1082 1083 1088 1089 1091 1091 1093 1094 1094 1095 1095 1096 1098 1099 1101 1102 1102 1102 1103 1103 1104 1105 1106 1110 1111 1111 1112 1112 1112 1113 1114 1116 1116 1116 1117 1117 1118 1119 1120 1120 1123 1125 1128 1129 1129 1130 1130 1131 1134 1134 1135 1135 1135 1135 1136 1136 1139 1140 1141 1141 1141 1142 1142 1142 1145 1146 1146 1147 1147 1148 1148 1148 1149 1149 1150 1151 1151 1151 1152 1153 1153 1154 1155 1155 1156 1156 1157 1157 1157 1158 1160 1161 1162 1163 1164 1166 1167 1168 1170 1170 1171 1171 1174 1175 1176 1176 1177 1179 1180 1181 1182 1184 1184 1184 1184 1186 1187 1189 1192 1192 1193 1194 1199 1200 1203 1204 1204 1204 1206 1207 1207 1209 1213 1217 1218 1218 1219 1219 1219 1219 1219 1219 1223 1223 1224 1225 1225 1226 1229 1229 1230 1232 1233 1234 1234 1234 1236 1237 1237 1238 1238 1238 1239 1239 1241 1242 1244 1244 1244 1245 1246 1246 1246 1247 1248 1249 1249 1251 1252 1252 1252 1255 1255 1256 1257 1257 1261 1261 1261 1262 1262 1263 1265 1265 1267 1272 1274 1275 1275 1279 1279 1279 1280 1280 1281 1282 1283 1288 1288 1292 1292 1295 1296 1297 1298 1298 1300 1300 1301 1303 1303 1304 1305 1306 1306 1306 1306 1306 1310 1310 1311 1311 1312 1314 1317 1317 1317 1319 1320 1320 1321 1322 1326 1326 1327 1329 1331 1331 1334 1334 1334 1335 1336 1336 1336 1337 1340 1341 1342 1346 1347 1347 1347 1349 1349 1350 1350 1351 1351 1352 1354 1354 1357 1357 1358 1358 1359 1361 1362 1364 1364 1365 1365 1365 1367 1368 1368 1368 1373 1375 1375 1378 1378 1379 1379 1380 1380 1381 1381 1382 1382 1384 1384 1387 1388 1390 1390 1391 1391 1393 1394 1394 1394 1397 1397 1398 1399 1400 1401 1401 1402 1403 1404 1406 1406 1409 1410 1411 1411 1412 1414 1415 1417 1417 1419 1420 1421 1422 1426 1427 1429 1429 1429 1430 1431 1432 1432 1435 1435 1436 1438 1439 1442 1443 1444 1446 1446 1448 1449 1450 1451 1452 1455 1456 1456 1458 1461 1462 1463 1464 1465 1465 1470 1470 1471 1471 1472 1472 1475 1478 1478 1478 1479 1483 1483 1484 1485 1486 1487 1488 1489 1489 1490 1490 1493 1493 1494 1496 1496 1496 1497 1497 1498 1499 1501 1501 1501 1501 1502 1503 1503 1503 1505 1505 1506 1508 1508 1509 1512 1513 1514 1514 1516 1517 1519 1519 1521 1521 1521 1522 1523 1525 1525 1525 1526 1526 1526 1527 1528 1528 1530 1534 1535 1536 1537 1539 1543 1544 1545 1546 1546 1549 1550 1550 1551 1553 1555 1559 1562 1562 1563 1564 1566 1566 1567 1568 1568 1568 1570 1572 1573 1574 1575 1575 1575 1575 1576 1576 1578 1579 1579 1581 1584 1586 1587 1587 1587 1588 1590 1592 1594 1594 1595 1595 1596 1596 1597 1597 1599 1600 1600 1600 1601 1602 1602 1602 1604 1604 1605 1605 1607 1610 1611 1612 1612 1613 1613 1614 1615 1616 1617 1618 1620 1621 1621 1626 1626 1627 1629 1629 1632 1633 1634 1635 1636 1637 1638 1639 1642 1643 1643 1647 1647 1647 1648 1650 1651 1652 1652 1655 1656 1656 1658 1664 1664 1667 1668 1669 1669 1671 1672 1673 1673 1673 1674 1674 1675 1677 1677 1678 1678 1679 1683 1683 1684 1684 1688 1689 1690 1690 1690 1693 1695 1697 1698 1698 1699 1700 1701 1703 1705 1705 1705 1706 1707 1711 1711 1712 1712 1712 1713 1713 1713 1716 1716 1718 1719 1719 1719 1720 1720 1721 1721 1721 1721 1722 1723 1724 1724 1725 1725 1725 1726 1726 1727 1727 1728 1728 1729 1730 1731 1732 1733 1734 1735 1737 1738 1738 1738 1739 1741 1743 1744 1745 1745 1746 1749 1751 1752 1754 1754 1754 1755 1755 1758 1759 1762 1763 1763 1764 1764 1765 1766 1767 1767 1768 1769 1769 1770 1771 1771 1772 1772 1777 1777 1777 1777 1778 1778 1781 1782 1785 1786 1786 1788 1788 1789 1789 1791 1792 1794 1798 1798 1799 1799 1801 1802 1804 1805 1806 1809 1809 1811 1811 1812 1813 1813 1813 1813 1814 1815 1815 1818 1818 1820 1820 1821 1821 1823 1823 1824 1825 1825 1826 1826 1827 1828 1833 1833 1834 1836 1836 1837 1837 1838 1840 1840 1840 1841 1841 1842 1843 1844 1846 1846 1846 1847 1850 1851 1851 1853 1855 1857 1857 1857 1858 1859 1860 1861 1863 1863 1864 1866 1869 1872 1873 1873 1874 1876 1878 1879 1879 1879 1879 1880 1883 1885 1885 1886 1886 1887 1887 1888 1889 1891 1899 1899 1903 1905 1905 1906 1907 1908 1910 1911 1911 1913 1914 1914 1914 1915 1916 1917 1920 1920 1920 1920 1921 1922 1923 1925 1926 1927 1929 1929 1933 1936 1936 1940 1942 1943 1944 1945 1946 1946 1947 1948 1951 1953 1953 1954 1954 1956 1958 1958 1959 1960 1960 1960 1962 1963 1965 1965 1967 1968 1970 1971 1972 1972 1972 1973 1975 1975 1980 1981 1982 1983 1983 1983 1984 1985 1985 1986 1986 1988 1990 1990 1991 1991 1991 1992 1994 1995 1995 1996 1996 1997 1998 1998 1999 2000 2000 2000 2002 2003 2003 2003 2004 2006 2007 2010 2011 2011 2012 2012 2012 2012 2013 2013 2014 2016 2016 2017 2017 2020 2020 2023 2023 2024 2024 2027 2028 2029 2030 2030 2030 2030 2034 2036 2037 2040 2040 2041 2042 2045 2045 2046 2047 2050 2051 2052 2056 2057 2058 2059 2059 2060 2061 2061 2062 2062 2062 2065 2069 2069 2070 2073 2073 2075 2076 2076 2077 2077 2078 2078 2083 2083 2085 2085 2086 2088 2089 2089 2090 2091 2092 2093 2095 2096 2096 2097 2097 2097 2097 2098 2099 2099 2100 2101 2103 2104 2104 2105 2107 2107 2107 2107 2108 2109 2110 2112 2112 2114 2116 2116 2117 2120 2120 2120 2120 2124 2124 2126 2126 2127 2128 2128 2131 2131 2132 2132 2133 2133 2134 2136 2138 2138 2139 2139 2140 2140 2142 2142 2142 2143 2143 2143 2144 2147 2149 2149 2150 2150 2150 2151 2151 2151 2152 2154 2155 2156 2157 2159 2161 2162 2163 2168 2169 2171 2172 2172 2174 2176 2178 2179 2180 2181 2182 2182 2182 2183 2184 2185 2186 2189 2190 2190 2193 2193 2193 2194 2195 2196 2197 2198 2199 2199 2200 2201 2202 2202 2203 2204 2205 2206 2207 2207 2208 2209 2211 2213 2213 2215 2216 2216 2216 2217 2220 2221 2222 2223 2224 2224 2225 2225 2226 2226 2227 2227 2229 2230 2231 2232 2233 2233 2233 2233 2234 2236 2236 2236 2237 2238 2239 2240 2240 2241 2241 2241 2243 2243 2244 2245 2246 2246 2246 2248 2249 2249 2250 2252 2252 2256 2257 2257 2258 2258 2260 2260 2260 2260 2263 2263 2264 2264 2266 2267 2267 2267 2267 2268 2269 2269 2272 2273 2275 2277 2278 2279 2280 2280 2280 2281 2281 2281 2283 2284 2284 2286 2287 2287 2289 2289 2291 2292 2293 2293 2293 2293 2297 2297 2298 2299 2300 2301 2301 2301 2301 2302 2303 2305 2306 2306 2307 2308 2309 2310 2311 2312 2313 2315 2316 2318 2318 2319 2319 2320 2321 2321 2323 2326 2329 2329 2329 2330 2331 2331 2334 2335 2337 2337 2337 2339 2339 2339 2339 2340 2341 2341 2342 2342 2342 2343 2343 2345 2347 2348 2348 2351 2353 2355 2357 2357 2358 2358 2359 2359 2359 2359 2360 2362 2363 2365 2365 2365 2365 2365 2365 2365 2368 2368 2369 2371 2377 2378 2378 2379 2379 2379 2379 2379 2380 2381 2382 2383 2388 2389 2390 2390 2390 2390 2392 2393 2395 2396 2398 2398 2398 2400
1 2 5 9 9 9 10 15 16 17 18 18 19 20 20 21 22 23 24 24 25 27 28 28 29 32 34 34 35 37 37 39 39 41 41 43 44 46 46 47 47 47 48 48 50 50 52 53 53 53 55 56 56 58 59 59 60 60 62 62 65 66 66 67 67 68 71 71 71 72 74 74 74 75 79 81 83 83 83 83 84 84 84 85 86 89 89 89 90 90 90 90 93 93 96 96 97 99 99 100 100 100 101 101 102 102 102 103 104 105 107 107 108 108 109 111 112 116 116 118 118 119 119 120 121 122 122 126 127 127 127 130 130 137 138 138 138 139 139 140 141 141 141 141 142 143 145 148 148 150 151 153 153 154 156 156 156 157 157 158 159 160 160 164 165 165 166 168 170 171 171 173 177 179 180 180 182 183 184 184 185 186 186 187 188 189 189 189 189 192 193 195 196 196 196 196 197 197 198 201 201 201 201 203 203 204 204 207 207 208 211 211 213 213 213 217 219 221 221 222 222 223 224 225 225 225 226 230 231 232 232 236 236 237 238 239 240 244 244 245 245 246 247 247 248 248 249 253 255 256 257 257 262 265 265 266 266 266 266 267 268 269 269 270 270 270 271 271 274 274 277 277 277 278 279 279 279 281 281 282 284 285 285 286 287 288 288 289 289 289 290 291 292 293 295 296 297 297 297 298 298 298 300 300 301 305 308 308 309 309 309 309 311 311 312 313 313 314 316 319 320 321 321 322 323 323 324 325 325 328 328 328 329 329 330 330 331 331 332 338 339 342 343 347 348 349 349 349 358 359 364 365 365 368 368 368 368 369 369 371 372 372 373 374 374 375 375 375 376 378 381 381 382 383 384 386 387 387 387 388 389 389 390 391 391 393 393 397 397 398 402 403 404 404 404 406 406 407 408 408 408 410 410 410 413 413 413 414 414 416 417 419 419 419 419 419 421 421 421 422 427 427 427 428 430 431 432 433 434 434 435 437 437 438 439 439 440 441 441 443 443 444 444 446 448 449 450 450 454 454 455 456 458 458 458 458 459 460 460 461 464 464 464 465 465 465 466 467 473 473 473 473 474 474 475 475 476 477 479 480 481 482 483 483 484 485 485 485 485 487 488 490 492 493 493 493 494 496 499 500 500 502 502 502 503 504 504 506 507 508 509 509 509 509 509 510 511 512 512 514 515 516 520 520 522 522 522 524 524 525 526 526 527 527 528 530 530 531 531 532 534 536 538 538 542 544 544 547 547 547 549 549 550 552 552 553 554 554 555 555 556 556 556 558 558 559 560 562 563 563 563 563 563 565 567 567 567 567 568 568 570 572 573 576 576 577 578 578 578 579 580 580 581 581 582 583 583 584 584 585 585 585 586 587 589 589 590 590 594 594 595 595 596 597 598 600 601 601 604 604 612 613 614 616 616 617 617 618 618 618 618 619 620 620 620 621 624 625 625 627 630 632 633 634 636 636 637 637 638 639 640 641 641 643 644 645 645 645 646 646 646 650 653 653 654 657 658 660 660 660 661 661 661 662 663 664 664 665 668 669 670 670 671 674 674 675 676 677 678 678 680 680 682 683 685 685 685 686 686 688 688 691 693 694 694 695 696 696 697 697 698 698 699 700 701 702 702 702 703 704 704 705 709 710 710 712 713 715 715 716 717 717 717 717 718 719 722 725 726 731 732 733 733 733 733 734 735 736 737 738 739 740 741 742 742 743 744 745 746 746 747 748 748 750 750 751 751 753 754 756 757 758 760 762 763 765 765 765 767 767 767 769 770 770 773 773 774 774 775 777 780 781 782 782 782 782 783 783 786 788 789 790 795 796 796 796 797 797 798 798 799 799 800 801 801 801 802 802 804 804 804 806 807 807 807 808 808 808 810 812 813 814 814 814 815 816 817 820 823 823 824 824 825 826 827 828 829 830 832 832 832 832 833 833 833 834 836 836 836 837 839 840 840 841 842 843 843 846 848 849 851 851 851 853 854 858 858 859 859 860 862 864 866 870 870 871 872 872 875 875 876 876 876 877 878 879 879 883 884 884 885 886 886 887 887 888 889 891 891 891 893 893 893 894 895 897 898 900 901 903 904 905 905 905 905 907 908 909 910 910 910 911 913 916 917 920 920 924 926 927 927 930 931 934 945 945 946 946 948 948 948 948 952 954 954 954 955 956 957 957 959 959 962 963 963 963 965 965 968 968 968 969 969 970 971 972 972 973 973 974 974 976 976 976 976 977 977 978 979 982 982 983 986 988 991 993 994 994 995 997 998 1000 1000 1001 1001 1004 1004 1005 1005 1006 1006 1007 1008 1009 1009 1012 1012 1013 1014 1016 1016 1017 1017 1017 1018 1018 1019 1020 1022 1024 1024 1024 1025 1027 1027 1028 1030 1031 1031 1033 1033 1033 1034 1037 1038 1039 1039 1040 1042 1044 1045 1046 1048 1049 1050 1054 1055 1055 1057 1061 1061 1063 1064 1065 1068 1069 1069 1069 1070 1071 1072 1072 1072 1072 1073 1075 1076 1076 1077 1077 1077 1081 1082 1082 1084 1084 1085 1085 1087 1088 1089 1089 1092 1093 1095 1095 1096 1096 1096 1097 1098 1098 1098 1099 1100 1100 1101 1103 1103 1104 1108 1110 1111 1111 1111 1113 1113 1114 1115 1115 1115 1117 1117 1118 1120 1120 1120 1121 1121 1121 1121 1121 1122 1125 1132 1134 1134 1136 1137 1139 1140 1143 1146 1147 1148 1148 1149 1149 1149 1150 1150 1153 1154 1155 1155 1156 1156 1158 1159 1161 1164 1166 1167 1167 1169 1169 1170 1170 1171 1172 1172 1172 1172 1175 1175 1177 1178 1181 1182 1182 1184 1186 1189 1189 1190 1190 1190 1190 1191 1191 1192 1192 1194 1194 1194 1194 1196 1198 1199 1199
